num_objects: 40
object_0: [0.607658,-0.0364497]
object_1: [0.442226,0.148593]
object_2: [0.708169,0.0131534]
object_3: [0.780265,-0.134042]
object_4: [0.759675,-0.240689]
object_5: [0.341302,-0.150572]
object_6: [0.335303,0.212415]
object_7: [0.354419,0.125246]
object_8: [0.427338,0.232786]
object_9: [0.397002,-0.200318]
object_10: [0.684116,0.198382]
object_11: [0.676975,-0.24677]
object_12: [0.559495,0.0472393]
object_13: [0.449188,-0.0908292]
object_14: [0.515408,-0.202876]
object_15: [0.335402,-0.0592893]
object_16: [0.612124,-0.216041]
object_17: [0.689865,-0.149548]
object_18: [0.611784,0.111]
object_19: [0.532345,0.156845]
object_20: [0.546008,-0.0968902]
object_21: [0.456689,0.0584952]
object_22: [0.797785,-0.0522966]
object_23: [0.707478,0.100108]
object_24: [0.49436,-0.00789042]
object_25: [0.825359,0.14451]
object_26: [0.819242,0.0483368]
object_27: [0.787729,0.225101]
object_28: [0.570489,0.226297]
object_29: [0.398731,-0.0243154]
object_30: [0.687236,-0.0623184]
object_31: [0.610637,-0.129077]
object_32: [0.749665,0.165402]
object_33: [0.34151,-0.246307]
object_34: [0.382112,0.0548558]
object_35: [0.829818,-0.229849]
object_36: [0.64726,0.0496051]
object_37: [0.500963,0.243644]
object_38: [0.453246,-0.247837]
object_39: [0.455346,-0.160762]
